26093
1057077
50198
10257
649090
35093
1293180
2193090
693565
93069
204042
278735
17526
22765
1707984
184938
433236
1245743
1115788
388304
40079
1049925
36718
135723
131194
146827
518110
38223
640988
183412
1450953
422019
1687610
102688
1090672
664549
34254
437756
379461
340129
517011
394810
612500
101475
1484606
236593
1745724
1921395
563938
1693339
254540
121070
143356
341448
1456718
316215
369789
242964
476950
1692448
454702
377721
86327
288984
346703
34922
271545
373220
484179
1326653
86679
1998565
492090
472250
120449
16133
5330
10018
1110991
555768
26067
246873
388831
484207
1022473
574802
28752
1450859
113301
944853
371685
126815
1233644
1968716
184579
165446
1033003
107602
691075
1166409
26219
916960
1283345
9151
1050987
664255
219205
684538
125907
245309
37702
55012
268822
165505
332627
590506
1264828
13662
184603
574223
5943
463812
209422
1765621
15137
294870
1708027
9956
162461
556157
2107916
1137537
8150
662575
276804
269280
2135319
1266840
477549
426405
372751
141668
178975
52358
3702
69126
1715700
59004
2107507
153911
29259
1930594
249449
425284
1296083
6074
1159273
472693
341985
127535
256074
89753
707150
341528
904010
514300
1817532
259353
37036
1238582
1406809
376523
1111828
1616970
126761
598464
561097
436480
58791
73101
182482
103742
1188758
1562010
200144
1631032
1825932
1788815
50961
429576
29354
513906
236750
1011178
1471371
1440456
1892470
317887
35890
561257
750502
705323
49005
1787366
372021
602721
476149
361433
776366
750688
904439
405696
22651
169540
1631855
90595
287521
164895
2114707
107095
777806
3028
599968
776437
236405
1042710
544482
141114
1343938
483694
555568
466787
505842
431846
1207339
389777
996459
52260
69897
201264
58294
183057
179681
923238
1717348
1280772
1946352
24250
682194
38378
944306
634215
340833
1642292
210301
297057
408190
314574
120383
950284
999905
277982
693695
154462
196056
443267
39600
1008645
372042
1341180
86654
244794
246603
294197
280758
731824
1353643
3789
165499
284233
1854160
431704
1240459
169326
345948
1174098
5977
281027
294469
1172567
1177309
1188331
125577
1307797
42388
841628
1462315
86604
401008
102055
81441
784983
1109493
54654
153991
176667
162970
103616
550929
351740
217615
104285
2019808
27226
11000
48334
383041
246140
555947
369746
13573
34958
899947
952269
1649209
796274
332697
194956
741020
1060721
921595
646031
209856
241985
380027
1961789
1458763
17355
1326806
555410
566071
15229
1170871
337709
101350
797952
390065
426171
46103
552054
22938
2060444
201361
575514
15367
35228
1865146
374746
1633590
376492
13130
2067249
843869
2000602
859295
143470
221543
13256
1444739
76461
163502
10921
2070866
2111817
264702
674095
1659060
681814
144267
662309
1424848
292122
15311
92828
36626
1242099
210040
336709
35391
556258
154827
1509015
463699
37076
249920
315562
15544
399411
1270764
1510859
1082303
183056
260242
2122286
54076
60630
112436
368021
991355
230881
35624
205156
1828097
127269
16529
237008
415801
109773
375960
908803
1240434
22832
869165
129976
377463
681496
28982
43247
36030
103343
5946
324787
91977
335266
35317
748684
45993
149172
38335
952337
59086
221943
185562
423124
344425
483608
461156
394978
1435319
167351
69568
1946779
208957
261838
625914
478208
51905
903787
241082
97467
394700
182963
841626
3399
1406100
792599
36789
749680
139893
1193085
592906
708137
16129
90317
902299
275029
174776
629881
646391
1073565
35889
157105
1640274
449289
679262
6352
15737
570968
16622
681811
2097829
555433
373845
383766
858074
380979
329700
517400
26676
298138
373158
62981
407
626054
439484
641769
1454639
183485
55097
46278
244014
358046
1364368
1108873
1794399
430652
35360
383884
35321
1947527
126110
38163
314750
373468
2094637
41728
57012
207412
964868
22993
1032904
182271
751271
750686
1427027
563932
251393
86859
467227
1920913
274519
250725
244810
1577554
904088
76799
936238
14434
1530293
374745
48273
99453
36516
12802
1243178
704156
34249
412197
392581
1655530
1198182
750489
573378
176395
2103346
563937
36826
285170
87129
244603
1917115
36140
46784
244257
376727
208938
1247568
950074
870157
1458543
344096
1116876
11013
37483
25598
37840
881912
74777
1020090
338703
187530
464469
655308
765751
14521
1697676
729117
36555
392465
107025
28859
146438
55067
1735926
484584
120940
2117582
1213081
459841
316774
401185
297245
370168
371369
352908
1191749
40204
157111
1302947
6254
372634
1593213
34824
10174
841856
153435
336909
39531
748679
90093
484862
141365
288684
1240792
541138
1307799
646007
302933
551662
38446
14812
144776
202389
236638
96508
107045
856995
74630
670986
340737
1817818
404037
1078983
1447500
239932
543365
167264
271581
763922
37113
749390
150965
1283748
57483
902486
213221
372882
41550
1631779
1884214
37859
1615301
12704
1396223
381594
928646
56849
359170
561766
119109
115379
1193086
194243
318733
1116170
62401
258816
504392
1458271
778929
207670
483815
431009
26865
372277
374142
274520
1998528
101722
743602
22500
2135449
221337
391296
54667
1008040
1458764
103101
13699
594742
934465
1166637
358269
245438
1040600
1050889
154494
1106510
381901
336052
1439379
393030
205297
237973
1358609
15243
776152
838867
52497
157391
38231
572265
1618945
359507
283442
422905
86081
850306
86868
39073
858865
355070
387788
383220
389240
96005
122795
15738
45417
959825
1302861
237512
103738
372996
44972
718337
115204
232409
472691
37850
185546
1250855
369450
76645
232559
291943
163357
372434
963606
484116
472301
1187786
374602
250409
89743
89514
689497
2106663
113943
2170743
346753
204727
1696529
427606
1190912
362581
92796
336509
16145
845696
499021
1493663
38251
1016313
826118
38673
115241
749458
272417
452905
436942
372792
144391
347916
534602
100048
10787
246505
872398
131914
476821
176885
1806943
1038649
45210
28010
174116
378846
775284
1631702
1212267
1226073
2107508
239155
440316
17258
747452
578504
100218
914197
1145551
378829
361037
1334659
330491
1068635
1854174
2041949
427311
1538334
590524
367985
1898562
379082
109467
378545
387769
374286
875966
1396059
371648
593362
1187862
1825194
43751
207148
209855
13392
99696
442758
2069501
25862
318435
1809281
1050453
63882
916807
996927
242668
394717
245911
57754
47896
779421
34744
783819
680941
368988
231561
113297
371826
743849
367379
1630892
403298
374141
52
394315
210963
482637
469427
1420392
1893612
367765
15248
355703
236363
1402348
195079
494806
1328276
89247
330360
969
264273
125789
34284
1266804
182405
286367
78487
185567
516626
51012
45757
268522
552898
142711
359551
2035253
28002
1592775
1146966
55694
1787256
51248
233349
1170823
193369
375478
1953435
1527378
115286
1307800
1248544
12962
184115
518282
86315
246494
156738
109550
19879
367613
380677
296443
665448
743273
373313
372333
1380055
1334984
903233
555847
379625
69569
231488
1999211
21962
34481
137123
336293
300720
56628
1631128
90163
674098
990388
578600
357977
175920
778196
1157042
952183
1437004
1404992
1283945
77432
1631135
1491598
1288568
1437627
426586
682387
91975
92308
156677
1671950
302152
40578
220791
600926
734665
37617
665366
137559
776436
73769
215975
369444
16587
339237
48262
1435797
842077
1298270
1773325
403228
393864
392318
29302
875941
1508473
38974
361001
431051
765506
15894
383914
465752
848932
444686
1015086
453465
322189
171589
394913
15627
749098
1473723
602008
208125
458162
44947
6163
2029222
232416
294500
36149
230430
5373
461394
253564
440335
888094
411714
1199954
236651
35374
145944
828685
468864
26773
1238743
18555
638710
1117493
990488
282544
597647
1492375
136898
766904
377149
704147
34535
13045
157244
99423
292486
379121
127191
52551
768482
367386
818284
645780
58499
1407325
2123675
871879
749303
89503
136552
1060114
236549
167373
335516
773579
38485
34569
749415
1864759
209561
151155
568681
22802
35996
735020
143715
1416227
1187924
372350
380733
505822
48299
11041
876401
218865
1932600
26959
628673
148972
1178582
1238639
15832
1735676
526967
745564
45133
29480
1075030
28304
308484
1478218
314546
1049926
139871
505837
207640
570742
243083
244517
1414511
472932
789466
1897934
563931
751269
1353869
859506
40912
375592
244812
43960
494311
434806
315481
1485561
1448281
1437594
2070989
169494
639373
1188165
9203
356739
775498
841468
169443
72164
76593
996703
431091
303937
1787794
1067313
502773
352221
317584
58015
27860
37206
2095515
467304
517010
1023301
648646
26606
467806
1592394
291449
2144911
49462
502775
243158
180652
203245
919300
102489
2016310
183770
27875
1215393
696209
68485
783685
13922
87048
256729
185300
104574
14762
941347
473185
102101
897684
25781
154744
342893
1070672
816556
1201108
901773
28854
2003604
874993
49741
154072
1744216
42357
1137616
6576
39154
799983
908725
34242
244727
144394
15928
133113
729486
77151
779570
52445
1773075
57936
27538
218792
329936
163105
2109434
508182
962284
787107
763644
1616733
275336
83454
681987
35433
913814
126621
842347
13482
45378
453839
58609
1252342
22850
1511313
9951
1251392
229410
441701
1083669
107000
26574
218978
280394
242859
1684608
1898602
47506
648295
881784
184110
246896
681812
1261452
141051
750544
92724
1631477
18727
268877
156678
659533
793141
146270
1353831
483925
26952
247740
27478
221603
1998396
748521
663406
383298
1412437
59795
387416
1812444
626053
917873
1188307
502669
127227
1417756
641609
710261
665490
859816
1548938
1819435
456749
1898383
1412436
1930593
1561747
234529
1187543
436265
1451214
329040
82489
502887
862208
453327
1511103
348815
342605
620714
297189
541241
18927
11414
259669
868872
200617
875064
990812
1250122
48784
297273
318640
1599144
750731
185041
1961038
166956
101646
388305
403853
26214
29406
252421
1186944
367627
474608
282868
409591
26038
1417764
8604
1015299
1225503
37722
38131
571359
2096497
2067250
1436746
406123
576153
757863
1535067
1248780
36506
207081
184067
845398
24447
1690161
552279
748777
572643
164693
15620
453934
789731
946077
373713
721511
1451083
369228
125548
101206
245487
1634267
1231794
89148
57746
101442
232514
740738
169332
1206302
393475
378594
110018
236682
220951
613389
3902
964172
140960
579343
1568112
1787224
1898607
472164
15920
421427
366051
665474
1527271
1276559
90548
1070670
857904
238135
184292
485382
206632
38745
236588
133843
527749
143140
246715
537615
185748
996729
340357
170304
374315
1109171
551087
1812017
1752877
92352
1694195
485584
297393
1264873
139941
38445
373092
868365
1707641
1209265
116083
254915
122707
1607046
340921
845953
344284
423026
2023612
34253
721685
441850
854880
749604
102303
46468
165046
1251938
577291
842561
281897
1484681
200118
317491
59286
1794398
51264
27790
53052
492145
48618
273976
135306
4156
1231997
571424
294816
10543
944196
519578
1698109
368195
77659
171334
221908
382717
595110
30203
860385
2121595
213598
1064305
416359
341312
334304
826703
550742
25909
17127
22529
379336
379616
359357
183913
259529
1788186
710523
583522
867480
163489
127297
734655
157753
158455
275402
1364696
214071
35077
378593
120227
556809
113815
669614
430643
58628
49619
5781
89456
551407
140891
69449
1307794
296942
538340
395467
906728
107250
440279
35441
1699442
1346193
238573
253546
422996
224740
1181872
1884215
164571
798981
374550
1050067
1008522
751650
287321
394697
120908
313413
1310792
552868
2192852
10002
245151
916316
127243
163668
427332
1186957
560517
13079
55111
207405
45114
1402407
1022160
379273
17354
157405
109774
50036
438406
53213
332565
185875
1440264
569925
275533
131993
394065
34935
728552
86269
16345
699834
354930
76657
38696
207921
163770
331994
748712
134937
147452
48101
57872
426556
102337
1611712
473097
795526
221650
1001089
574653
964683
1496323
389557
393109
15476
387362
510098
820981
241854
332010
226368
71089
15746
569222
913035
304743
826550
1912337
39712
380731
550992
215316
273857
574235
27332
382089
69817
517130
230845
223292
966661
275287
1631323
393018
1048467
386002
1913568
555602
183160
13590
1946700
337651
455547
2019809
426276
471574
51848
16484
638407
255710
874757
272888
635698
1058312
367947
166525
113640
15268
379701
483541
334927
48503
34936
367515
453362
567468
680618
512983
378987
943221
1187129
673029
143995
638962
416440
163124
557310
8733
333513
996458
6071
374954
14797
597697
961968
491325
14766
855266
692300
573988
101093
1333041
389249
472930
164795
1953719
2145833
1773234
185557
470625
376055
210317
126757
264454
621044
435346
692241
1023564
384465
147977
8928
297272
596506
240635
12047
1122768
842560
1642139
13388
1893611
183036
34425
513035
2660
21517
600550
17338
472971
862398
35616
205125
164298
142638
914764
29554
22923
901268
1238387
1095617
416822
8690
95847
329100
864950
1329103
537982
602559
143186
280966
1466083
41142
1363917
120651
417478
461116
209093
887440
854128
112663
797151
357302
166659
255799
14920
230574
464807
76733
242453
518364
39733
1035960
148455
1054246
144705
964392
145520
920717
575973
1371203
70108
144263
381401
170775
65865
53825
384064
503258
168033
1372146
410825
315000
1247599
1645570
347850
1187283
990498
1265002
280833
87226
184615
2111949
1425980
564033
259553
990375
182241
1825195
199795
575733
333443
268397
113484
622914
218831
25910
183942
742759
26189
756898
115797
161543
296508
2041355
456076
1897931
613887
1592492
202623
1593627
70094
8252
242492
1229763
791371
483643
301302
599022
69210
1750709
786078
1046606
1169926
382449
1120480
46521
282591
1037422
127282
12320
578587
1051032
26665
387481
876300
159492
1335498
377567
238286
165577
207229
150752
712519
75126
14191
169187
105900
283226
26139
900373
228568
40699
641397
40746
998246
59737
16619
1699981
120487
407298
987928
8209
236981
242881
145034
297438
245230
1825930
743178
50537
902488
672600
568683
242253
503897
37200
375594
1631828
38885
663971
538334
236709
340235
236121
408065
153840
944193
294234
393536
777384
514343
7178
902457
1033568
551805
244185
241013
1962205
695332
841993
1307725
912318
551560
15051
367051
50514
421991
624105
1066993
1439797
43050
1417430
335402
34929
940293
1187042
202028
1592637
166502
40200
690672
361502
509453
569283
851985
648298
2025250
1456717
741795
644108
665056
382442
15461
579327
27111
902410
241204
269022
631137
176359
1363109
62342
318260
773338
180185
21900
748535
842411
1469946
338542
295732
324638
13000
1238559
381687
70879
1897933
459378
474515
242731
291352
238711
1543554
35243
442455
380035
316980
534633
1012039
245085
645831
517616
36825
58783
52766
164635
1215555
1067975
955207
2123014
571439
35261
1435034
156306
346627
549146
23253
125634
804326
243122
103495
209486
1266803
472710
571506
799348
378004
640890
1090604
27290
48911
287928
1047150
25523
1252071
996727
328731
39115
89746
243082
502884
246887
273146
22992
575967
1745632
1435603
421368
576652
1999146
875760
847757
240580
1108946
1626603
695222
296229
840786
336678
51633
1203859
840140
399371
22712
1854293
372597
705178
844062
165592
514466
164086
59091
517410
561715
163002
1595992
750219
1089245
268373
475996
59476
573162
555948
2071049
1539413
902456
416280
681497
109775
1066697
1459788
241012
182524
865742
201097
185043
86316
340690
78287
1265714
2000362
913952
109771
120706
41734
1050353
644109
22673
1294634
89873
870159
240946
172798
254482
44219
39792
50923
162598
377002
533339
276932
357211
232543
182458
516518
1806942
338467
184682
1391710
907109
476702
14739
185102
472968
152416
1353204
136346
15277
567481
346662
401232
578395
157368
39899
3862
215097
709329
270881
34544
472995
670891
13076
872562
503359
1024652
843876
40985
244231
2123673
69784
2095628
387483
1050795
865521
377899
1038079
607493
89509
52156
10675
459877
22463
11259
599943
372243
750907
255265
470570
624205
166495
703768
794844
32918
1137830
377003
742501
1335494
14981
914414
425100
1511100
792182
783367
37007
549798
317396
156705
462971
842356
1114776
855392
303751
1238765
27816
571820
77605
206279
466770
41588
972342
183985
548690
406065
671325
1633039
110013
334669
1051045
552364
453614
172053
504541
649091
1225462
181019
5712
401333
142443
157130
483256
400572
591736
115083
104270
971571
9975
26432
955208
69217
389371
32231
576772
154698
441686
578320
836322
473024
337075
69546
92013
1699782
56233
1509797
557493
198975
472459
608396
790760
37109
1183381
98594
341693
831023
868946
1714739
341066
513781
256332
645965
894707
183054
139070
837281
483633
498144
872397
776394
254058
641257
107256
70159
244964
384115
466143
375336
86689
239199
899453
100839
367720
743803
833805
1592638
38155
42261
104107
369699
2123676
1810053
134118
648677
332761
281046
2070545
369698
8736
92005
103476
40792
173762
1328646
113277
44708
232188
111807
549969
779279
360382
806635
283658
284740
189258
750672
281883
838002
269179
472967
569953
550710
248870
370426
77710
34645
502449
927724
229512
15513
1467566
665509
602827
42533
748569
26292
16132
427223
548730
221808
9652
733518
179025
1418092
681601
236348
1064958
219624
1334522
2070148
7469
115269
859313
268416
996155
367442
35557
374701
149956
278440
691581
153260
90217
676091
422764
184793
1692220
165065
407330
251288
1947537
6308
1117791
40974
902047
1817486
111037
38099
1045500
27365
1111486
1147813
1098898
56795
732550
390064
953951
379216
294493
168566
110059
203028
1247725
1534649
15695
219560
969150
114579
11307
8689
1593534
243108
2129006
1711154
1995165
235174
8210
914204
34289
145387
39534
44849
549734
10148
233212
247198
1238561
244989
70156
2119248
333581
29823
1449583
776365
287106
382562
35586
15632
558279
907009
653740
749645
833199
166875
34432
329041
12698
340515
503139
27443
49357
102911
183754
1090578
357366
560583
1218500
427035
377387
1885674
183941
142468
50507
442059
1773074
703565
665485
461220
751697
256838
13106
826057
406411
1196940
1362944
776015
371361
472858
373102
517852
394181
90106
560516
1440484
1388916
484780
1075021
281524
199549
182890
513082
204087
77165
305335
59528
686503
1247333
2096685
375050
185299
663623
719806
656512
35099
1624327
1013657
34785
12879
149277
345927
346807
2217148
1470975
691669
843224
479024
6440
1306855
552055
244993
388400
1351394
268347
22927
162380
515979
404808
905737
453382
1137805
156961
1456128
69862
22807
902140
338069
44820
55787
1144067
2209672
9976
73173
184676
15218
1366426
86313
942471
684615
391637
374157
113320
1188749
577878
470954
1687020
1118765
1211054
859259
973239
8278
85334
34275
1458706
1922071
26757
1242789
242381
1627418
368406
878209
1655531
569277
236880
743119
228410
1631011
294198
505820
329800
1854380
49863
268196
173299
1188727
1417763
1046875
949818
855333
1079591
724310
209223
317492
2041771
232550
377412
473178
240204
38973
38978
18552
57476
948694
219659
864917
75466
113749
87633
1527301
372219
1689314
726707
841457
422729
270475
401168
342723
655778
276968
232247
1351665
600446
641742
1080612
903230
34558
88769
34782
570730
22469
1172147
1552753
862153
30152
385942
402580
453079
601094
366491
1242762
328442
436254
1026476
849607
1333042
2000356
825236
518442
2106293
93094
819309
11880
466421
171728
255694
139081
250578
367457
194338
1360807
555534
560191
295889
26175
1289253
8925
37703
748536
14947
508832
959574
154194
837886
539683
295084
570127
72244
969115
1212083
93318
59556
1436044
1589352
1032959
1372077
347911
790775
483395
37188
215512
656217
1660286
168597
383378
855130
378611
27122
93042
38502
469434
1359706
182085
776913
208190
771047
218290
107252
14896
245695
518928
230617
8266
220974
101185
282623
164971
407824
183004
232418
1470974
375697
162573
1435719
922142
637879
37630
859297
787166
642992
36764
202799
139854
473198
1054851
3851
2052819
454085
97663
38174
94094
274657
1231793
1449362
379061
230530
123112
221939
990689
14362
373927
532480
337390
483539
1631511
316462
35691
380807
210723
53056
996296
829234
11219
120924
208659
194740
392446
354850
127291
1316177
541657
39678
1265017
578766
1435036
354856
1423595
25860
1187766
697534
154106
244831
596957
275714
1789724
104384
1407694
165057
440551
373565
81214
411416
597912
1898381
2041502
48186
794637
13078
658583
505821
1064015
1694026
1058680
166698
401379
741344
1707477
638566
561768
990496
1353632
380070
569325
729733
2034812
15715
737916
46128
859517
207685
369476
12098
570497
379702
944912
89406
1825910
342448
473250
1069869
57704
1716306
781812
73229
334410
551208
747468
74885
139773
50555
1032642
93644
340886
1008520
295939
367271
93380
12967
703369
367412
1215800
14177
154039
182474
1631389
867114
416516
2217648
228409
1307722
421663
101895
236362
650149
35426
1328190
381254
34777
743555
73783
85468
642812
712402
1437111
101368
534097
295179
70922
1631289
1190256
1214754
37398
432402
16077
13109
329932
149052
903909
597382
17118
1689414
373157
115130
227808
564657
297318
208026
681215
221184
1706115
107318
12699
962816
627998
439042
1216876
467217
232066
536155
1194253
376834
71115
16075
113280
2206065
373080
173003
483246
492231
330761
423235
1186040
909500
1707261
731039
28047
316957
1307928
111934
164903
453678
1527000
1050947
318079
42351
49764
776367
569924
315636
1354528
741227
466707
27140
1038902
1234128
58032
436292
728670
27260
1351569
194405
113465
483766
1651581
573160
841483
1219434
745961
103858
573787
1417760
15679
34369
2220305
15048
1616958
375989
39123
1864757
502640
5286
79749
658715
552548
243207
658096
155535
13830
1440740
403362
36691
739621
543775
368160
8401
577813
89271
1801114
330361
1541705
164300
3442
243570
1441875
89487
1462214
1259243
13425
55134
268267
80546
402504
184587
561763
1439155
679618
1765620
203918
751364
441191
330269
1345939
1106449
218868
184713
77368
164859
357120
281177
1864938
37077
374008
8259
434521
485975
670018
340130
1725851
1264802
675866
905409
121328
86299
747922
905018
796147
15418
2018036
841736
16471
231021
748739
27407
570725
164093
561119
101840
1999363
871798
389120
238127
1058773
871839
557127
724312
1111829
246874
342290
294592
147994
184525
377557
135113
758193
132132
456489
575153
29500
69343
155878
945047
202030
68404
354913
219875
497844
648759
112247
202313
777838
408985
217463
860673
38193
534628
330131
441943
76835
323134
749168
213610
25574
750545
1491526
369775
1535269
1294926
14918
162749
1289609
1854444
1650996
87883
80922
15422
1649391
26707
1898114
1066698
15413
69266
38610
182431
1175152
686141
293639
1427029
1069974
252553
453240
143530
16583
107111
558406
102036
573369
29828
183116
120274
1534708
340763
12516
5920
461341
164863
1333040
828684
461265
1589023
461203
22571
558356
1999744
87565
670229
92255
209739
381446
245766
1786962
174111
206807
938791
914249
131376
359088
23515
114177
1008624
236589
907470
1631437
1102697
284792
373234
459538
1428692
12646
314371
773543
69524
470989
556716
571936
1265445
1329948
1685849
900352
340365
368683
959575
341544
1538136
449193
79952
25566
601357
841831
241254
1054649
85195
1473446
337104
206039
280775
170774
842027
243868
1288385
27333
246809
246550
55300
8238
15103
165730
491710
2209671
24580
948841
373063
650717
383624
690270
43600
1486202
1414207
1148898
221626
646392
92294
454863
513038
1371319
1717791
1511305
577271
80559
236590
242041
690423
360408
1535358
622644
1358695
1744790
672171
740197
1884574
35076
24689
612604
1535357
394069
2080853
743603
740006
1693664
1437070
1118749
11860
345816
115070
26203
1006550
1220350
2114684
273893
183780
1240712
2115983
1153250
2100868
796148
1137654
1120365
48363
964579
63046
366763
35491
1326649
184852
889406
100653
884135
103772
238584
875040
2058659
380281
13202
692053
69066
513032
243927
1369767
44793
34662
35840
752808
154650
439210
401176
295888
749412
576842
354242
185363
23037
236908
676010
17648
1187324
1948121
604336
375998
380985
278739
3989
1050068
729530
259894
35893
388844
481939
1329949
89631
27179
455866
562161
1898473
571770
779838
678858
774763
164477
81438
1057922
472018
842895
34442
800331
379070
782328
25972
710260
343291
166617
864889
689943
8192
1634224
350849
213496
380531
1459982
12548
288609
1493661
916513
392884
1240458
533614
1471373
1787774
571226
899183
675156
355642
548300
257255
51456
1067822
205127
92930
165710
336674
1999343
1145552
57748
243867
875838
392196
69527
1276561
213499
485394
69397
380984
1416316
107038
1115924
37594
160910
1046859
956
516367
26084
42147
796702
517265
113626
26638
194976
1051001
89829
1329681
184261
578313
1095618
34770
15206
333133
243154
37513
1167512
440381
195155
184731
1050182
921399
126034
39617
371992
2122880
1456719
571099
953925
25272
11499
388568
1454054
902489
2208672
47137
182843
457109
379369
572583
976004
7244
672599
92140
731811
8607
2177698
207409
1509381
142601
375590
542909
1193104
127103
1148445
538725
137684
39112
1212391
125876
2036479
184461
760883
646227
368938
15063
359353
73060
221886
245529
338549
34602
679471
4680
246813
182904
340520
10065
22708
1726501
92842
1064016
837853
657021
1631786
58627
357155
448960
357261
2218777
682271
13204
122485
2204568
960842
368796
777200
367326
274321
367432
555949
89811
22014
34607
1093242
681106
205590
230884
545265
289752
7154
45854
848791
665421
785402
547859
758033
216902
695058
14488
1335495
1036269
623921
858839
2217647
12677
373421
1597294
366492
1266935
579344
1051003
492185
68447
69846
17460
127041
69157
367939
1961773
719982
2000192
1713521
165752
1078981
18262
410173
34601
283674
134253
469889
463395
51700
242979
742012
983786
317155
1641755
369183
193303
18489
2114708
561415
395812
539815
1115778
1183736
151488
26268
1399136
167559
17593
1559914
388263
339446
598445
437818
869166
206956
577818
283543
294416
1449596
466212
1225538
351554
1995157
183055
49115
1548052
36327
268414
375049
332629
229593
58569
47252
2524
16466
290658
34886
812420
902434
578898
456722
87972
111425
27379
1015443
1147045
183716
40125
34244
858876
2217561
45984
216943
579020
2005815
9905
1008440
382298
209981
1096171
194434
378334
236701
865403
183219
207082
317723
69263
1425965
1187597
510062
2188843
357945
335259
1497127
219234
251116
288950
513341
15030
1191753
432197
4354
648344
51269
221332
237609
1079613
70090
461084
879452
864241
1250377
552644
106978
728648
28507
473608
616418
374196
590381
113819
12636
2016055
26761
50881
294973
694843
1106450
750801
314530
563887
597605
35933
784442
678429
38708
1298223
1241740
568678
1218572
69292
984985
295736
36995
10362
1073791
372027
1310788
200622
25273
1700142
38331
418976
979739
13111
842208
179056
1538333
1231519
1238738
17476
676093
661733
1415438
25850
1292983
280914
110116
379742
296941
1307929
1535025
144707
755465
563940
1023613
1786852
463857
861065
59393
37193
389171
164857
76992
749003
964153
51543
221312
242924
483896
865520
1338421
35346
35373
243414
17592
103171
1540950
241281
389325
213445
220938
991030
268699
842563
1415536
1391557
1488464
26588
176265
314331
579325
13483
842537
89770
421286
151404
10875
875900
659758
1424589
26822
676275
26213
37060
52724
411833
942351
1687122
820539
14934
141444
2062855
146772
421246
858712
964231
18499
549391
683817
36153
484153
109696
13060
69765
472027
682497
206225
366489
169149
166613
138906
647503
1417758
439081
743721
153762
467164
990715
2117584
367164
136028
1742534
47362
414397
859507
589386
871370
1023659
295175
721510
213518
250717
357930
664053
218905
7090
516749
287061
680412
16425
8186
50824
517323
557834
851291
1917114
552372
559771
134548
10242
952509
766748
242913
35768
1022633
86718
2079682
41318
727933
25977
990978
1439827
9161
338010
503021
145443
15360
46882
161177
1825162
440625
975164
727336
36788
1107409
1371135
627501
1116877
1041664
1414525
251708
1138927
1050352
37716
246800
849201
9991
102644
695850
273579
555363
50817
453427
1955387
1191224
103988
46746
986999
485486
1437654
387332
354882
1114106
338321
1997382
1437589
9582
1735982
316766
244975
35431
374862
244870
557004
1175665
243975
369531
11536
1147745
147812
1111865
74958
183242
467538
712943
52712
111185
221173
1592668
276591
1913923
10906
2220876
408525
1147840
1118740
49450
34772
888196
207854
129343
466031
904486
125997
905569
944215
54701
16566
472299
1064302
1163789
40327
639779
212145
691035
101327
1004388
1787286
1334983
833682
15416
371138
163417
368457
1174613
109776
257591
1897935
541476
402581
609533
15213
883099
847731
1090344
144360
51346
391961
58031
8307
1217444
50083
909462
843870
43795
39063
69775
2035270
194202
1187481
1054650
1336797
27691
244395
381312
38504
246964
1265019
854265
407757
222553
1787367
1451597
682166
382288
113590
1088767
176005
1525493
407189
1489030
40460
94358
601205
69055
1231611
367071
380461
1238548
48527
1264714
416200
324898
1152864
1999295
262258
8263
986914
493281
64968
47564
1898409
146494
574987
628959
169242
142575
1417761
1213502
776885
185453
575553
165623
96861
670021
772202
476121
468690
849860
29043
36517
259451
373388
1199788
875793
1508124
396076
1631516
20755
77750
237650
115268
1154206
343357
1157085
1283466
26317
163566
1238359
72579
639049
107182
385802
626958
165171
358077
2113594
341059
317473
572263
464398
27917
579219
996273
1008690
344540
252750
16111
1752968
46760
10515
1328545
127572
1404971
1116043
29199
645733
560951
962890
52701
1179569
485036
440045
1697951
1417989
226317
89366
155893
104220
74687
1414339
1455785
77575
10360
253048
185903
2101445
693027
38308
642181
876402
403674
442054
859381
1631808
383738
1149214
10613
744491
27250
52393
162669
1248545
281521
816199
1418093
990708
999614
1712878
247448
1430547
1147812
914250
185068
1430546
1458255
517883
371661
45587
667753
176765
874179
1044710
1854423
437690
143896
152388
41138
368770
1437508
504542
39031
242063
417007
179903
1730540
246600
555817
988324
676021
296939
88744
856905
26615
76
240790
16455
1535238
34545
1262189
2184272
437040
1187785
35251
442701
355446
243052
1619752
77017
25259
237476
780995
238513
572235
269932
135722
1752879
202962
1176633
163669
269223
181524
1067593
111150
36494
14036
2122305
506133
359982
594339
1158462
2207212
1905622
1534414
849845
185082
26774
28985
335546
1418499
299385
232688
209437
52786
2087554
127480
89881
1898410
34773
164694
234869
89605
2960
285216
847751
36122
26414
259985
750501
2129005
394073
775846
1773357
327634
505424
518307
468453
246432
905447
665690
872729
552710
907008
154633
991797
1984036
791031
1059896
72923
102235
53836
26884
68383
89781
301503
437711
1456141
357763
169985
27772
209790
13254
754753
1898113
58544
859808
6099
10152
837817
1901998
2092405
236942
31264
1946465
416166
155678
26622
23051
36342
166866
1258290
1417146
382150
376788
416517
518045
654359
185631
46717
102466
831825
1153962
15636
641122
1154355
723669
552490
244482
691708
594139
142463
799891
70246
41619
294752
165594
372510
449374
280750
799415
22918
1285863
144266
382174
5541
13966
964258
1530380
715592
235199
686469
1999672
108259
183597
667373
999612
855026
241184
682229
144264
280785
213529
113149
747293
336106
1038078
667231
1931356
306349
164899
1255120
254810
1007351
113274
243951
1056838
243478
169473
77537
1050066
53233
121765
100352
243603
1032488
395183
156897
513632
255525
22124
221185
122502
945695
874735
1328016
1428682
117875
163325
35907
1020591
517299
205124
368797
101030
43953
403367
1015568
74632
872087
1345481
1946778
338
517008
955546
59098
1148979
55311
247582
1619810
842830
259364
146564
740188
165687
183197
16641
376773
126366
1291280
483897
1437558
54335
472060
369201
1172571
470487
297168
1200566
1631328
235413
46980
646601
914056
370654
1406989
1487787
570172
1183905
59538
498968
718766
1983791
1148978
1305851
34810
1488465
1898563
1088357
1631455
45183
1372196
87291
1021501
1059565
34765
36462
1188752
74460
162660
45193
345342
47346
423261
1631020
52763
380728
37783
601495
158432
180993
1672017
373423
829761
383118
466422
438503
387282
1437109
901509
170906
672914
1276539
25725
443456
140928
27519
1345480
642002
1353630
1717687
1378459
3942
484052
875698
826917
2041773
1999364
1238130
691582
17353
777218
2117900
1187989
380568
15443
89538
126607
374114
2012314
549693
38728
1633707
182930
5959
221940
29316
148813
1713550
107166
601870
470004
1094344
1631654
381514
21717
503894
34694
1455706
296338
376135
678618
1786904
1689413
13198
1472248
89783
34676
1099332
258377
190771
1328191
274852
404393
168485
750452
243107
905207
193350
1415597
104178
236718
370425
254718
375595
120478
368685
371137
200374
295022
372971
9004
959549
1436747
1007633
69450
842029
246389
279353
1196272
157324
140053
9981
1552445
1285495
1175642
672473
369305
1407924
28393
341986
9989
1217684
1592639
25861
1064051
917482
194763
378864
380799
27344
118033
185545
490896
331046
1708374
290763
71816
69701
27055
1605971
6351
37932
383253
250579
134078
259156
25672
1435035
292943
27186
280
11784
379352
378335
164691
367680
709522
89356
156057
1066759
938457
12915
768032
517986
6096
8388
367745
742361
70739
575277
432156
201888
967448
575117
11574
373216
1081055
1897978
15175
34563
249919
871141
2154713
368024
783227
545008
1079615
2097828
1353631
379865
10188
562072
330224
203041
1082976
1054648
1247815
12987
569220
876122
1487811
379081
324107
251674
25011
453099
1615034
113079
1463786
1458757
411979
843826
1946539
508329
1357039
1175655
29745
1094705
181129
825235
43340
169229
567306
21718
372204
108115
1275420
354868
372141
1059897
49607
700012
388944
1144636
575893
215211
208301
1939297
1438351
1312827
22726
749316
1307724
1425760
332452
899023
200146
996427
15289
61952
26756
718687
905537
317577
159555
1183622
1447202
226504
180537
839667
93752
763065
906977
193506
479231
1999862
506471
35544
1437042
1904990
431339
150753
1712854
393803
49843
1057921
70026
193606
78166
434333
1050942
39775
356970
538003
39062
34891
872895
2005834
1328192
1439955
1707334
369690
1864758
13365
202742
270089
1631733
185371
673509
393138
1701489
29639
1646269
439018
270293
366769
25937
127226
286238
948864
337362
183932
1270730
2217592
717553
8564
1631573
193658
369418
52172
281739
1854098
1975037
6842
25769
597044
448380
73421
1970339
25307
681588
513887
516838
990497
557659
2116329
214801
1204541
59374
1238734
258558
899041
456457
379484
1631291
69919
777939
83793
32950
284793
297477
439486
1161497
387333
238576
225146
1752874
264669
694985
242986
596953
244957
983300
776914
148701
193435
87944
1240460
1359751
569284
333839
1206792
340530
901722
1593211
113099
972440
874963
15929
151129
561184
785582
392444
814257
1705419
422915
779067
246277
401140
316490
820979
1293147
1075557
1238340
571865
498585
43534
1988356
263008
183720
711817
182824
2014731
676154
238239
578591
1238739
37458
1700004
282632
36935
1427750
431093
698040
88715
706721
378431
372419
1334620
228569
681719
598621
1485974
1311056
1894161
1436046
104166
10823
199821
185592
111814
778528
2112646
632998
1701460
1404991
135989
39395
283203
39896
1912407
902978
5972
35072
4363
671840
842543
43912
1484465
26575
106977
1345577
69686
120453
83728
25576
1629126
9978
261395
741346
837428
255709
1315425
1122804
354851
986168
1246314
357931
842270
74420
741696
103259
1396055
787167
9963
1186928
916408
11560
70266
372225
1169927
360866
207358
558164
161404
16121
135760
719821
945804
662056
11609
743257
137306
634144
287347
538196
646484
1191752
743853
219809
732102
46546
101158
503806
498305
1116178
25962
44442
593154
154043
184078
373247
72206
158780
369875
244396
1391846
375632
1415693
2091711
15968
145149
268513
121569
219255
925307
1353713
513911
369970
26091
92187
552757
115232
338948
338812
261194
13361
545348
9194
2177687
370969
36346
1948306
368577
174601
228637
1172568
1504369
221759
1145550
220948
10297
1955388
334119
111519
664544
1416218
1437108
914292
27696
2020205
282557
386959
1092535
1458295
172487
170966
317692
962891
209902
473603
395653
9667
424738
1424825
30151
1631370
369569
468607
92837
1302528
49830
1363170
38968
372632
91994
425943
383623
832373
13396
93118
22503
1437150
17726
1187796
213370
1458821
331562
606200
296364
1789206
1212472
398839
1188779
1105564
439247
2183255
1110990
913926
39128
1188187
434524
125546
1007754
331421
1412473
201344
1984447
881993
268467
1280924
53453
392736
561770
661560
374970
420941
828059
843932
4136
15180
1478219
10366
1176619
91601
184490
58393
295142
1111214
767183
27700
86244
151460
539702
438995
333695
1946474
1212084
35205
2177623
913075
156676
453544
34224
689018
3900
36852
467842
1115787
144261
278640
506346
899182
1189607
799830
27371
47074
246348
89810
35701
215136
912737
1064055
509451
550915
20217
246601
2144910
1188789
577279
44224
167874
945419
2070882
1038493
201327
955127
591388
243542
469312
219566
1188565
727860
1166348
1627864
273395
831592
359545
367859
1167434
221352
26337
156965
1094263
1016514
39836
672608
232625
513036
1238338
1153848
58390
34932
887553
444745
655623
1064053
1031415
1203882
983270
1456720
374146
377066
206932
295762
29708
101518
336337
872396
155946
818990
368233
1437110
149144
221353
376133
1948226
58542
15812
22516
101815
296352
848487
169776
215115
509467
669859
663405
314515
179900
375005
555505
829945
956096
2112647
1169865
142728
1417351
578852
89497
1111052
64259
1226989
1186196
485250
120239
1118256
143295
127038
388802
16067
11521
2086649
849609
1250235
371076
6603
1542498
777643
482777
599018
238973
1600310
357357
578737
849859
1114775
207845
1437698
69104
389185
2094601
51423
676600
11724
200195
1288569
344039
517030
346659
383414
1167966
711042
39443
160266
295209
563939
258473
742908
281467
26641
250408
1930649
159556
120661
1371073
577709
517584
43134
19757
43335
36694
421725
1157107
703651
1947696
1897984
1752969
85756
273420
828098
1156152
377411
221465
57954
1488401
667526
380427
114041
322637
27542
430708
842221
776345
1115845
1276537
2026747
369517
92836
382478
357378
101240
141055
38056
154184
27085
742202
264212
383762
396080
231563
269147
8097
157366
833173
719663
1450923
236474
34309
69490
127327
9965
34414
168962
25539
1611300
1238445
244293
578582
377484
650148
779039
741345
513081
182592
221675
41843
658430
934924
38606
625391
380262
44276
9999
34608
184802
241282
294179
318353
71865
38546
245971
8277
10630
463114
373045
346050
641832
106976
18244
816894
14960
141951
143347
89885
206928
1010843
25047
245210
586403
87775
89382
656087
669073
366170
860675
13048
1000461
1326587
2005610
14997
104026
184052
955987
381050
182459
339206
380069
401447
258379
5170
156664
194158
165495
59258
2845
722616
2149643
376987
1611301
572582
12086
193382
3536
371651
7177
743850
1268816
1631031
1448049
379221
35242
1630988
1810205
294622
569635
340481
154046
182828
735218
1593494
262252
93630
280500
1008312
416153
280844
1868466
858269
575095
1321281
2129004
264175
578219
49243
786238
108239
2109042
373586
749840
702281
89378
218740
764227
355198
377771
185653
243351
1627416
58394
464732
275654
59747
70158
373000
178639
352562
430805
246551
451678
48358
13686
39798
651964
676045
2176383
368246
13010
1696024
439475
245928
558408
37688
35140
241083
26619
5855
1188658
557128
904487
48241
549929
403283
1162579
659286
1631183
409227
162659
548453
69229
259827
699842
25512
373810
219561
1951407
100463
37934
148691
241641
469210
5878
162291
699819
372740
842287
916927
147002
434162
15037
530117
295205
999974
1009390
372947
516925
343263
828617
165108
676403
1264953
35370
247765
51634
220871
1658009
854710
120244
11593
786668
1492262
281295
246787
26162
15211
240086
513931
818386
518718
578396
379680
517020
241909
162434
210181
646115
842127
35537
555999
1631812
218445
55179
111681
56820
35456
937276
14841
279286
35347
113195
777422
445334
101305
736691
681434
38727
940921
1237401
232733
251709
1188162
493211
26086
248104
21741
35352
548068
642550
388639
144015
162734
1252043
377937
913935
209738
2102626
310621
164249
2098215
44455
905776
295106
40238
45855
213134
538070
402827
37260
1707551
210814
48443
217944
1020491
259780
69650
641432
159461
373531
170735
1487608
135445
297266
48679
26923
27859
120830
916409
473937
47512
244324
857207
484330
1708414
221325
103480
202483
1509380
56866
3352
173274
126968
48026
572947
50156
1007378
1795994
371982
1082077
944314
101320
508183
1392290
498937
444667
439580
134451
40837
22528
378766
555532
389364
14716
795779
996511
9368
828052
848837
1535344
517109
180478
574988
354663
210683
1884213
916141
484538
426268
1480143
22965
113797
184617
377300
184313
245619
1418203
165275
295224
178433
156820
151788
132828
2135831
87538
2123671
573179
467873
4468
602000
1117130
662621
372418
380663
453167
38766
166807
743258
594843
779121
179731
504739
1940146
297267
1708468
244995
510089
819470
378341
15987
1787487
2182868
664160
1016285
1412471
673260
1047002
681589
282216
2041697
15935
369137
330130
578561
296064
648760
574271
556159
2080856
35651
241500
828559
561416
279229
333692
2111825
21760
1301560
41402
636910
1187736
9504
281410
1004530
1292204
51
327595
54176
10785
370921
27459
174319
26895
483540
359227
98690
96469
369026
15811
548894
371362
908728
38297
1417571
169314
691978
2220635
1447699
1912770
18633
345956
8342
945683
848300
36061
484352
236517
751446
17425
15421
920697
648696
27167
39350
121880
46483
29392
1335496
44767
139970
36992
741903
573132
85492
23942
50061
244626
102675
1456752
840592
243368
44124
438397
156022
208435
556225
826301
296086
1082289
10788
372119
59596
58735
731694
89455
517864
245479
364964
1773235
101473
451176
899040
27880
914251
46621
432153
58869
1079760
859320
168095
826998
172276
113217
1752876
89899
484794
1200737
538766
50113
883044
905863
480456
1425493
735307
1898020
1330208
665561
240097
123517
373214
2105038
12050
15363
85622
78163
914050
2145994
134910
1371202
1631476
154914
373907
570971
459751
855043
714033
44775
236612
1239907
1288413
571513
1161103
302945
143562
1437504
157385
964232
1995166
183490
215358
45990
281935
552341
297167
1199526
144160
456456
2150944
183469
34683
555582
461120
69363
6054
245524
454858
1094599
80175
37218
706536
392908
876045
402924
241263
22664
384179
410661
241438
2014511
21988
1214755
1265027
9959
758687
477308
484695
516936
682138
157362
251165
1693088
69920
842833
44576
124733
581801
958402
1167644
204911
1548053
60874
107001
143225
451223
299275
1280878
12860
912409
338299
591524
219284
36991
1939636
904883
208017
1552867
2114349
370030
828608
57883
185716
70179
381309
1898019
13981
43464
1897932
207306
74862
963958
741784
936952
46010
456655
682021
390228
78680
565255
842578
2005819
238436
702814
1255453
60813
162495
11617
169375
294838
589847
13203
1099045
434807
262224
1946679
573479
203017
304510
403108
1817531
382229
34717
695237
330613
53681
360863
1033002
303663
363613
34433
239584
1999552
105841
41590
242259
121042
728820
36001
1711066
295735
152276
682149
78089
991798
367050
257908
837509
599967
1631118
280786
1418085
271639
1041648
213618
410743
634039
1238640
440556
85564
164206
341310
548650
282240
513080
1610964
433297
469633
93421
1217639
1064014
40378
252809
1199107
44221
381493
962178
236506
183058
181401
436294
1998363
478743
1153284
373486
34989
367704
625330
743907
411378
524348
1709125
219015
1788570
154091
22581
14939
35332
35915
165268
498276
179545
45681
784806
1079614
34308
2144307
304376
913721
671363
3901
441832
315982
730216
1176786
1718229
1079616
58625
227327
324682
142637
1183412
47984
1835629
37877
440148
387694
268803
244963
37701
163965
2003769
865908
417871
36830
39949
464808
1631526
339437
40795
794923
2184055
681398
1024678
210121
566030
10874
556039
1808560
2099351
184380
377901
194308
320491
1420350
622913
1535355
57552
571442
89498
246267
490909
895188
994646
868945
786328
803402
74916
368799
841667
860089
35033
384163
1420427
313396
22919
833456
38218
476311
168148
676070
453057
929338
221434
1455786
724311
562216
180136
826300
864378
333227
11866
335466
779289
697535
135195
409246
85498
79792
25915
365567
18283
114172
622915
271537
43649
185421
493150
499141
1183395
69268
230602
1335882
161057
180862
590679
242088
35386
444729
368808
373472
286397
1904597
254002
883043
165202
126111
36624
658576
306896
572022
577018
56000
182502
1041719
440380
571501
875898
106595
573792
374331
314579
13914
290761
38025
1104372
1183598
695689
85371
26700
207000
923075
402521
96476
682274
59616
1999091
374640
1301805
296566
710872
517116
2154666
454605
576907
255724
509083
301343
149752
357113
593776
141735
207668
456797
731040
755697
956482
1170870
40733
634832
36717
784431
799245
304479
347915
1190682
11060
36693
1191748
49024
13247
10226
763978
2079733
262227
148273
15415
221287
69921
13906
109167
150504
26506
929608
656019
119677
404400
1690286
1415183
914203
16403
92083
166145
902929
366932
39231
1418205
51351
552510
1854237
996904
13072
59462
567836
577209
408430
474762
28586
243503
395784
54962
1721873
392002
27215
99010
1718392
516857
264356
85328
1984418
167375
34605
516916
1247569
777209
5129
37181
340888
268630
1024341
761982
316573
43548
577888
1183430
594529
700976
1345568
166148
562122
339989
555533
711985
2000119
572770
144131
902487
13481
176863
1926504
281670
164299
1050982
242642
191896
5907
183489
370568
544747
869163
578030
1898276
120509
373906
69989
242890
979989
1081975
1192410
1324349
13062
1881862
569221
854459
498129
213159
92988
578873
184639
569821
381510
37968
845926
524918
1057923
249854
345300
9684
990347
114258
162662
722538
296716
219876
1046970
252749
761219
167384
369174
1948497
646567
871242
390908
1215008
284447
5208
710909
990345
367763
776393
317773
2093813
820978
828313
1194116
360942
16646
77204
25702
901703
1188584
575350
904280
590462
120452
922520
38220
245191
1106511
902920
1263352
6126
537938
775938
574679
193679
34873
1248778
101511
996700
506147
150266
34407
335527
372424
11321
205122
38932
899699
203460
1115753
336227
113181
1212471
330463
101898
1974074
13828
473502
956434
42594
14257
964034
8218
46703
1295870
306688
804327
268516
15016
182746
359603
1629125
275288
394017
575774
92158
578844
820743
362926
95832
990346
37001
92412
967449
1491514
528700
1618920
465799
2070624
1371204
57593
207279
324278
842637
78491
332462
1059861
329329
1299284
213962
576276
184683
93103
1361204
234825
380710
2220875
1248497
1913612
96554
330362
316789
1453602
359356
101245
354667
1435895
1181375
1186039
367052
152492
31223
51364
44672
1031392
291488
16433
68699
1283489
404388
848821
26830
1417757
45792
317726
430734
1295272
661960
157204
1429649
1001468
569740
34363
513500
669158
1044097
1414657
750027
1619775
1247762
374100
51676
1194161
359032
982276
166150
1182597
929725
664247
438323
76644
294492
51542
904899
47824
165508
367144
795717
34636
205123
201457
76615
1552788
176298
1787792
165751
59285
727787
1055040
997849
92159
748466
1335117
21963
1380836
693563
203761
1534730
378126
1225539
625758
73513
379745
1796766
241246
381170
25686
691610
389039
25845
429269
920698
779353
422228
381787
37410
452143
143948
1999726
2085681
275206
149396
165641
242871
416110
378432
116383
577055
1436994
318354
2045274
440067
859058
14963
11302
485770
153992
102354
2040919
625485
1866147
1627417
13916
201961
249935
507371
1887131
37787
205212
352583
579299
183107
1567842
249713
442247
4033
2136008
262253
78203
148146
40506
105034
9443
47514
1003914
163764
925636
54218
369018
368247
56703
1898401
779319
347912
169073
6723
1059159
401110
1084027
8562
26942
779116
686475
777514
346754
1812443
38371
831510
147197
1898170
268875
297102
1656624
592358
664704
2071091
1237402
696087
678617
1407945
1292967
16341
371373
690510
654146
34304
502816
962880
408963
36484
243919
874237
142957
369989
581392
77709
126012
156168
284735
70977
380732
345241
674026
909556
696652
168656
407302
591525
748759
1188908
485443
77222
113317
1417350
678785
25944
35262
998184
121394
1108570
1592367
848636
799851
14783
208191
101318
741854
932208
317585
505819
166345
1687249
201850
258385
26294
1238627
115308
1050983
1270601
55209
1631582
872444
334505
39396
1796765
1196271
194352
1690766
92241
14435
25753
8714
345817
44300
36154
35791
228459
1096172
1487788
2096686
236811
1983695
1264913
407358
1187139
388715
74255
900693
608465
36632
1787793
832042
1624374
156408
245108
260305
26217
1528159
1298497
101341
25622
37557
34745
786018
574871
2187697
373949
382979
854103
88076
359196
367453
441995
383625
1205339
1069532
592359
513022
372258
1688359
170936
85193
221150
665599
1617454
12111
142336
1563181
58632
39153
1752881
1435614
375589
25090
1940144
904384
799171
426267
401166
295944
255426
541819
107008
795975
26476
206784
1006447
291541
304391
1441422
314152
26295
875669
1865526
52886
470929
371898
401167
43920
516744
569140
1462213
163109
268271
147645
27302
914002
36022
865214
2127909
535501
700977
996432
6796
30117
43130
439821
283646
737730
232028
39731
150140
494312
379462
242941
43618
36300
514491
314332
74330
972439
164017
1115749
461086
253097
39929
1426554
629446
126606
194203
1199045
559599
294717
357239
2042963
40754
814299
514461
1115808
441884
108249
329485
2096911
315230
2088168
262032
1441751
1120366
651367
376587
473120
143755
340387
77321
704004
1898260
2000364
352549
634145
714395
1633595
1467567
967192
1333217
670288
58952
771576
2154715
342729
156101
1000152
556831
852653
103722
595793
14767
2070194
860367
665449
1631944
383021
857910
169010
208155
202532
12718
2095194
8534
2097249
21866
1064017
2097248
854600
596872
612499
330542
375676
394765
538420
374744
4353
1266362
2150943
369945
990515
395615
367744
330608
295474
502019
316736
458553
491096
37381
681586
779206
343622
2027839
245360
461340
392582
787328
744934
1626468
163441
259204
572422
9316
366488
1019229
570040
50547
958596
386896
442327
323965
865052
331741
144159
961967
323951
843976
665489
296535
277028
1362516
253262
126158
833198
92355
249794
76879
1265045
13728
1988357
903916
286900
36093
414195
563910
367850
1687150
36402
1116277
5848
667116
34692
74656
32237
749541
166603
341058
833867
1631205
395199
70968
241938
92231
434234
573161
472097
1961039
455356
280921
79
786794
1155867
785951
430849
681718
260083
372240
381358
5911
641643
1160900
209854
34241
209355
454025
369754
373856
341976
270686
1265444
1406292
899764
39583
106986
120425
1093436
359186
438949
70811
12751
441798
379794
826302
113214
431202
2097924
11484
26457
533610
1752880
414382
841629
38731
367505
766764
27695
664998
221893
219056
77846
2016920
1631802
183220
808674
847011
159364
676194
104312
1283467
678428
1261795
14876
471575
485779
343493
570903
472905
37531
111831
465947
329285
190184
205501
1473403
1960935
10684
378081
1120364
45191
2088167
10665
165548
35192
6491
15378
333865
245700
47581
1374627
1058388
748075
543854
1415950
219533
4352
218481
368798
1139193
69433
416290
286812
179048
492186
22512
243716
626735
10225
331750
89633
13061
1441423
221975
1264803
1458682
1258923
755993
377813
268490
185077
1491513
167372
630174
43022
995250
1226937
125841
167902
1458442
245180
379965
679257
684485
1064052
1089724
377710
1773356
1426938
375065
83803
757221
194765
1438475
56395
183551
1106453
115262
44974
748875
483396
107717
375993
5684
113216
269289
7809
69256
2000297
244811
855155
964406
357363
69216
858505
264497
245762
108253
1535098
1436748
231486
1307533
2095167
34222
444795
355362
1631347
515056
439940
2106292
578240
10676
69737
126216
862210
254186
315334
627529
640504
1817485
14379
317702
183659
1682781
37298
561417
17832
1854494
207071
1090614
1250084
355520
1418204
25663
512918
1193476
591520
34384
212082
439751
473095
677583
1252120
596956
1246120
153411
449523
333590
371130
401378
441752
31248
1252982
22576
48393
117683
867987
28303
1453963
41834
706600
168016
864494
575030
372030
1700141
1264842
2217593
681172
733990
368469
1693087
962983
637495
10101
1631505
417006
232699
221910
371934
658376
2091944
2111606
1619247
37933
793139
241586
37548
11535
281412
158852
676623
1028535
557307
206782
1618810
712594
408104
145713
15689
1252953
373429
1235099
159888
29252
1038344
316958
310275
843545
1948498
1703016
575304
22776
252288
842198
1051117
736692
69269
701786
316306
484854
27846
703782
74954
413314
1125119
883295
317165
676165
273076
180535
12914
26668
10309
555819
1497065
69222
549591
588259
254483
603771
1580145
330863
173570
210740
99012
295550
271453
79790
413026
1448282
46332
902636
854744
678061
118449
16377
792507
219337
213917
483988
381261
58748
189198
517535
39064
514557
166836
12182
294531
22570
1418084
205875
184702
92447
27939
421769
849861
1263260
183771
329797
224477
178847
648306
783111
13721
27240
256697
2133087
363333
1003487
70285
795649
278642
4875
421057
509391
1247813
278249
566083
324344
593633
2123672
382012
1299451
1301674
1487865
120763
1335512
1631887
40280
155889
575152
118227
745963
922548
41140
50224
1755770
851292
593025
70808
156737
1238414
240234
416620
369408
1063913
1334933
962054
372633
556083
1345614
484408
959363
1998777
599017
1453452
516779
250320
327212
1601730
111738
125783
219230
552345
1004385
750990
2096684
383303
885667
144236
796150
382992
85664
1153448
1307375
518607
573141
484932
359167
335225
143418
914328
348058
25029
245615
332909
1533379
1211921
39101
26720
316719
1787622
903624
1104926
467163
139793
422944
182722
1631146
36651
406563
26413
428458
596946
131206
1671733
288142
750114
484080
706537
13426
299276
110877
371364
491094
5118
149076
39466
826367
593701
561598
844061
210772
38680
40365
473142
619077
37738
371348
508833
242371
1170343
384390
2659
738326
55806
382874
681673
142841
840096
143138
86392
665544
13634
843426
1379115
439038
162718
43427
902229
112664
2088973
1835628
218461
452050
460867
110779
504574
1985009
1238360
153351
290073
403282
8317
15107
183953
35513
9996
430794
256950
601666
785149
1460400
35763
658350
164301
22067
775953
278147
1868455
103603
10545
958311
538974
1526681
93703
548706
848792
87797
1779955
83565
646697
1183565
448363
27241
485314
1593535
1898553
295634
907
676389
841486
104314
213540
416391
675499
23089
35023
239841
1535024
381051
1773177
15417
230338
331829
159022
1188103
47815
156870
1427028
555644
8324
2127910
709292
986798
750069
163442
1786011
1043004
357210
1631686
244570
182729
101212
758906
359898
77158
439706
384614
112134
646681
16117
221933
396802
375310
164320
79604
330174
182561
2082040
38348
51320
1191750
2098214
1999065
167034
856966
568946
36477
1656144
89723
1534532
34299
2220609
207354
1619888
1312980
41639
1239561
39242
648303
242683
184783
127131
269030
13389
219373
1212085
641185
1111500
1188336
369147
337419
1723777
163857
491093
15682
29934
394134
55795
382854
316009
35561
111061
340529
665574
1406101
654654
1240457
741347
828046
185930
25558
1015084
1075569
45655
241554
1530379
504408
1687012
296789
23972
39230
43201
1213174
1329311
533615
666124
355640
1188379
134350
193042
13923
2086713
209889
1147044
714231
323556
317996
245773
115276
1275386
1273326
249895
462986
387665
8222
167074
219499
318213
800145
917663
53172
17070
575778
180646
164263
378625
159021
120295
669312
375501
402595
58265
705210
857973
600281
997844
242452
641582
1478629
43322
509452
2035208
1595875
473249
1240600
997842
1109411
368505
1441471
89489
45560
710648
516616
112744
12145
908995
1745630
538767
459361
36337
738102
423012
557799
1752875
923076
166963
194523
109784
34656
77062
15192
245490
1414491
472300
1542499
337517
11532
509383
15361
841435
368095
1787399
1631687
1592897
1407385
999817
26205
944410
996728
13869
9217
1204454
991796
38629
2127908
26163
38938
641405
318525
2087745
58398
173195
355467
1459912
1217638
483264
1817994
1002378
768828
8957
185070
38589
1511878
1874863
243263
297309
102069
306964
936258
1238343
37967
484151
161696
262226
182507
483611
249256
847747
374036
42540
379415
555322
1050984
548746
590698
904849
962041
939787
16343
107347
727859
375722
287918
1253032
210204
913994
1705726
888248
146297
570669
371485
769049
34905
388300
1113913
1145867
195033
1190683
393385
148630
370912
69666
6353
1536607
498106
10175
47660
432804
86653
1417072
277802
17754
471407
145951
461118
271287
314153
1288411
1307796
442790
1407935
1866148
37460
279483
900052
220805
999610
405097
642559
38243
200366
1238339
200270
401441
461158
472904
53311
34404
1009815
309548
1061823
1055619
36712
502564
88577
704789
1323764
107075
1897938
1011860
901705
169072
89772
27359
53479
336524
317926
1600565
244994
261903
179502
379826
22465
316788
1711152
127048
22066
329965
962858
336760
501364
3331
316156
970762
496649
269224
238326
27592
70810
578849
343264
219303
828051
281998
70120
1226931
383638
1627855
778499
1631290
485537
1595801
1470771
803820
473115
1426937
52784
1508862
1376896
676024
389659
439603
983919
184724
236501
599425
999611
654276
172898
36784
438366
663195
1687488
10789
1245742
40094
674741
42093
357195
378112
551524
2154687
126963
1462211
194522
75031
831883
519341
2079505
315283
38607
316531
169808
69830
2056013
240098
7453
282628
141469
50542
27501
833755
1717790
182837
380823
1286794
514388
394131
569489
1452156
27409
517865
41832
291165
234451
69228
163762
1200565
472190
283368
1354972
1939637
148157
75072
1417599
38577
504743
165421
107129
578874
597046
186043
440570
625990
26699
1417991
2114683
271361
796473
109169
35650
168926
38668
903357
841395
560863
405085
571858
749995
12719
176398
840097
781111
2014431
1436124
442163
164018
69293
246190
1106463
956589
1212884
29528
153841
1276329
1065578
749993
831080
34746
740887
914101
1537330
1593600
245247
876575
572862
5790
832468
538907
1353764
842839
368022
138248
904393
115285
34681
472165
26437
1170872
143078
296907
160041
641535
1238583
98622
1075623
517009
1019230
1439718
35186
6722
1631103
46745
1787854
1190032
352597
127387
170772
699970
3300
58818
107207
2661
403187
1425494
280866
700011
42810
1593212
1536627
337648
955351
9212
36325
101366
1796399
379084
86843
516802
355641
955869
297426
125543
516554
614021
628422
1657613
274184
58010
1836929
38257
194772
236772
1497063
8548
975006
53242
1414748
89273
1736740
113307
210343
700010
107183
135767
1151800
1430933
35568
676139
1708278
567034
957336
306402
209980
57614
376590
132903
472088
745095
1481942
55314
967059
52496
1214791
2079593
509094
70251
109235
109772
241501
228749
11022
986498
945709
472557
652742
36095
287620
252124
252596
74560
29622
10187
46525
387477
1158284
1247600
264621
28877
1153877
577428
340744
1252952
37172
1084918
410215
137274
1407323
681945
377349
24725
1355410
747469
88712
945700
872687
438940
669896
743008
1363767
137712
218295
182432
379960
959577
663064
696618
345819
45280
1012232
1067524
458134
751387
216707
4876
34664
876574
153844
246288
1993794
1231543
1239353
428171
213611
1169712
711043
4137
2117901
231163
2113381
1167016
432897
532322
904263
57767
1362484
938569
241921
135894
2096912
1708174
1124553
1547664
575402
575226
1417990
164568
336381
357196
272732
403977
776664
205674
268878
315748
641411
176642
2000617
775951
578586
236507
517912
472723
1940147
434247
297450
436614
402807
1530374
378354
1312855
142807
54699
1059277
69685
368643
444735
367986
1940142
550873
833193
1213242
283441
1417147
34483
162982
243559
418977
777940
557311
430653
248247
78420
16099
1439608
751507
370165
945379
148454
461366
577943
87564
2057886
296268
36827
1440251
1042040
1214753
371563
332951
58506
2217545
221757
1090557
34339
115277
15656
70091
592042
11309
9750
176761
1183394
6009
1249017
1999819
556775
2079651
430519
164473
521174
384020
16299
691868
245806
228118
14119
1417762
158986
6503
165262
1631397
317971
1247814
25810
686343
1440399
1787085
241476
27547
165056
1099858
1240751
56488
158784
204644
2014510
221873
236592
10048
1997383
1458793
368496
491095
451488
182933
26128
104678
1631149
119241
541478
498770
1497064
34697
34418
2129143
244561
30118
508270
182286
355270
39605
37668
125959
11070
1191402
378495
209853
748755
578790
1812153
372706
451233
473103
1187787
413780
440333
243119
163544
89626
92071
69432
271288
249901
1085623
1058387
901331
38658
340619
547710
1151018
36980
37690
375899
549131
242912
457973
43675
1773126
219000
1050891
371723
165580
383947
1287874
903766
964259
162905
776287
379633
848820
154222
69346
54738
538825
573915
1438352
539950
316485
226758
15270
283227
627759
705179
185162
169509
38201
971862
28876
39822
376713
145714
1045501
263856
252018
287371
330666
1190911
218469
775948
669539
127311
139853
1538331
573696
315848
743358
183183
965651
2217562
1413646
1104543
1034908
575272
392402
204792
1708261
202350
1267361
453258
1511227
136365
611230
828096
1008229
627422
1183393
89924
477544
295316
87558
564176
789260
375472
742485
1634262
122551
388301
194955
127233
9356
789111
780016
1708454
626705
386232
183012
8880
808673
611548
74683
9064
1248478
888416
1437736
194992
143697
1690517
35854
1060088
114252
570678
268792
1212393
120687
570146
1154016
2070319
294235
371327
332760
184524
27830
774550
832760
327853
1064983
653585
749706
202963
829520
263119
681692
13825
776754
1139407
552873
465956
572205
783341
376944
640065
682334
148908
642178
645732
254763
101673
682426
51805
103332
15688
1617581
297236
1085263
2060823
333909
516998
146344
749682
1536765
35219
382242
269216
336935
2146168
43264
51455
682162
591508
872688
377970
688650
1194748
183086
467272
94922
674020
12362
16721
93087
392192
969140
1612867
257603
2123674
789455
367219
1008507
6925
22551
41286
1838113
380211
864473
1252162
1917113
670166
39182
43949
686354
513578
34680
401169
503779
1187615
516840
368561
1787731
59337
343987
10234
482004
1713665
240731
14731
372782
368616
677720
367435
1225408
1391226
401224
1053081
777791
5450
26525
193337
1435320
242872
316740
372446
734971
393834
381402
390275
25841
2100127
14206
2125726
459847
904093
12667
101405
113038
838130
744150
1238626
2085680
89441
1203962
1449363
844060
962270
41789
795607
318131
58504
1156881
2141296
57587
116309
903028
1415808
56521
1157090
34221
776268
10790
278983
658159
51347
239604
13994
1070669
359624
11398
378744
333134
904686
360539
36178
377434
207052
90225
294599
89578
12880
368020
942352
503895
59566
345919
23032
981986
102053
317623
10535
842280
1631706
627655
1484467
858591
1437562
1212269
244239
492650
135721
299966
442271
9215
27416
29315
317778
208188
597909
882991
1136673
145444
1648086
476305
296082
144830
246412
1191453
276587
552549
2027062
243872
93101
382222
502565
883032
240085
296157
867964
40375
10076
2183455
1139201
279975
167142
735217
210323
407371
743232
56344
217426
1111120
151301
1240711
36104
73835
857553
25808
959484
22655
2097250
2104287
653701
508187
971841
1535356
410229
1258738
26554
35344
377538
274834
749523
1137806
24431
914364
1624268
193649
1511574
326353
460178
468562
165487
2036924
1289244
1305068
99524
199640
26360
22577
999613
722132
569587
1735933
44516
1363240
129985
439805
379316
550907
34508
1077231
287367
1940143
126470
87937
1008584
1075381
7738
743158
142019
1011619
154734
40124
146589
503899
875163
140766
483258
915192
39526
183088
990811
39095
5355
9508
2003605
152275
221639
1120201
194029
37429
367327
505803
268876
1245740
43492
333469
373187
372239
176687
381507
718764
2104916
887197
339369
503761
1059862
728867
1090515
498949
691869
719945
2193089
551249
78929
792862
35284
2193111
258559
959548
2058658
875726
842424
207014
944852
1655198
22504
1218560
166298
453710
1450707
1078982
1144571
296436
118863
2183454
270750
1511914
686480
1449613
2079525
24433
877276
69827
1306858
638746
9254
743868
164974
168596
730938
371363
1865555
1664715
167186
34497
1838239
900738
2129480
294270
283089
40732
296061
213769
144737
127430
8280
291448
249255
659777
14808
1552171
800081
833197
231768
401111
1008521
661260
28988
502328
653754
220428
1040739
1110850
26438
143556
27227
1631044
1016459
368652
1691794
147727
1662050
401225
314553
294722
859372
34382
1600566
35066
166449
1773338
1329972
146263
38037
706207
1520743
652015
174152
142988
58725
1415490
35011
141323
1854510
555703
1486662
485501
278219
221887
973452
1211922
183047
169285
296449
9690
1450895
439230
41069
711164
182836
1818692
43749
44512
69553
548944
22462
369842
17656
335515
1497128
194430
280523
1600626
381686
108262
2177624
14831
905544
204299
59670
375436
681815
899184
791032
569670
738222
1057925
272110
7312
1999532
324974
1169925
653610
36339
371204
29363
2107506
34771
1437489
77920
881785
1014229
1188707
1818473
517790
251713
1226446
155078
247328
334108
369592
185416
473010
2206836
262705
1787669
41306
504697
14706
975165
2041534
240583
54024
690770
696158
357135
295571
180536
143180
155937
242710
518333
1187783
389388
428345
850563
183248
393728
243035
182583
39620
378080
200238
2001890
575223
3915
27261
1672056
319219
367728
517081
246214
905127
238330
333217
957566
676552
1252605
1510919
918333
287298
101178
1293386
287770
380730
1374287
1441472
1813173
1657942
654717
485767
669744
463022
27397
42309
101183
550870
374971
2080795
995008
797086
340406
556049
238132
2095195
36791
375611
203183
1631699
602002
139824
508181
987228
676107
202391
485897
571645
752714
383627
27627
247434
220877
75532
58451
92547
862209
1213456
2095627
165325
392467
489975
2177686
498878
154274
2092544
1372197
1437590
1687453
990628
258386
944336
1187849
1077652
940556
100360
681495
111338
14967
1717792
92137
50624
2003768
2184054
380373
1172542
373887
227263
92839
316518
14123
89261
785414
2015046
38604
855391
316219
89001
1436995
763232
11561
260005
164564
23944
1589187
720570
548044
1946552
271437
121197
1333421
42987
104695
483912
945447
2096848
904661
2114350
14524
242723
26827
1008329
1073566
675729
1022222
598064
179231
103743
1612447
360481
416588
904383
1249399
27642
990486
1752878
944369
380318
26946
1818474
295941
243515
279974
44987
985940
35322
169333
1203958
330013
308773
127263
1251388
1631102
658877
1357295
368939
431092
200036
376465
777585
977163
97516
906806
101246
99211
472606
702422
39992
1088262
39554
182356
1323634
380657
791204
40338
242265
962315
569397
567469
69275
457530
1438474
1321395
34216
314529
37546
317433
107159
259555
2119736
436159
564185
13932
141324
50766
314776
817650
441719
1240544
129801
170907
564828
295943
383471
1796190
1187944
16763
548972
597966
913934
15845
909465
548301
1310098
572144
360404
49528
828095
113537
15108
552834
184194
1214441
27276
1276560
26085
466112
796260
809601
383597
1652811
1407505
346678
53260
498288
572673
1057895
914115
114050
163462
1898315
38132
274874
854278
1631546
990733
58447
109308
599016
126608
167825
47258
384422
15740
194086
573793
699978
1143839
548269
573015
1213428
411728
13663
1307714
841887
517531
221259
1351570
665653
26249
111770
34292
1238297
46912
503255
26869
477509
440258
1294838
151078
1600619
371669
352688
1708262
1083668
721939
167477
476954
1354458
1406940
842894
162383
776338
35882
1085205
428593
930319
1100536
77431
1447794
174535
1059375
1921401
517022
246872
406921
513033
430695
116395
205985
2111858
1592708
612605
1200226
38460
242465
1313209
489974
1266522
70949
26125
864472
373215
1033478
26729
857923
361523
229414
26417
358937
121213
1415926
503900
157170
252551
833124
554436
1305855
776782
199909
639931
378573
271561
35148
156758
101770
68594
69476
23090
517039
1075476
682108
1400188
370427
812419
646440
13855
152564
369064
48790
513783
1183360
333482
1725850
570357
34685
336153
58756
295579
1486663
350087
26945
14955
740690
401307
92582
996117
428732
1054165
1773396
615899
1484554
2079526
682178
30599
243433
1804919
109170
518162
15183
36486
203101
470444
1618107
1118257
1356728
27147
50647
671407
490551
9506
261891
98128
1589188
176861
1818236
11051
243863
240165
904946
439910
1967241
256221
778558
857527
1380053
461251
472581
962650
167456
1238341
240084
997654
49052
34411
1018963
377697
1417214
318197
1000008
92457
154010
796352
232297
137358
145290
2021365
996297
150415
432155
365052
200107
1265026
26103
571360
1448011
711555
1619784
1238749
108280
1359734
40631
990516
25864
831323
163763
405422
1191223
26758
2014730
682083
849858
690602
1326340
695384
44615
690701
168830
254719
512505
367906
1869318
342751
780450
383475
1787470
1961014
1700338
1424849
282764
236404
537999
182445
226001
10296
941348
959526
163199
2136237
727773
231535
1692081
199220
461206
10363
309767
14375
195997
284567
5948
799553
45140
1708175
750800
818392
314837
591588
1253345
461087
36716
28449
158782
2117902
22028
840119
312567
1512479
1356521
51106
753598
38123
783487
427427
962081
598736
1265069
1111565
335494
2154740
901294
161486
1659309
181130
1946466
379561
162379
1473454
9418
38500
318261
914004
513572
149321
13242
252064
366989
294902
52359
985174
276969
555525
599671
1417212
1417547
237516
381657
70058
964230
859466
104313
1592700
912408
120970
933923
2036227
899915
45047
58350
100308
12099
372722
59421
38651
555771
2105037
861151
1196279
185023
983757
8691
538734
17427
320746
573166
245540
1019217
140839
244034
14815
555327
14122
1212268
114846
172795
2097066
34741
370153
743955
164643
483712
53446
1015323
100488
459209
269509
570759
1335497
35623
1169663
317340
34893
57743
630319
171506
289244
829384
1036468
26464
673882
605331
392794
367398
34524
57843
1049990
1212392
574463
1471220
87290
875033
25527
971064
684323
1302512
461119
1437561
41860
292652
991474
744089
701491
378163
367746
35323
1592362
461287
161286
241639
1391847
314870
971840
401934
1961013
1787448
79873
818654
53021
364796
184054
1253213
1485510
1773176
359610
202029
837766
503629
908801
14730
73287
166149
534635
316047
727352
73117
183677
380822
12957
85194
26516
556158
1334932
996185
661994
1847767
236753
1378550
294811
787471
5779
2106234
338619
228620
34477
775952
208470
297246
828455
354666
1172541
1752124
1786955
421722
676151
686303
700307
467894
333840
185623
664310
8793
92594
923077
438357
41105
57661
165263
379844
1417759
1187128
209873
721733
342824
8237
913995
1214563
46695
392225
173655
107279
315290
50631
1188482
163362
1079274
212078
576843
1369308
936196
183402
655603
909783
70945
24692
27719
422943
254913
600178
541015
842562
246536
685764
1905034
125610
1265018
18673
575028
1213017
319798
555605
602838
184671
50997
827240
504391
221278
842410
77751
1041440
215135
959547
1786906
264272
1328193
376318
721660
85
608829
1181766
692948
901474
8463
1193352
179923
567065
2099300
38467
1857505
294327
1238800
1401142
1198404
314838
13268
236578
1615300
90108
6287
75266
776368
43210
376654
15471
7087
485407
22483
1302558
17478
1437597
193771
101851
629366
1527418
1112320
221140
703769
295761
154109
23521
557673
728047
1153735
1049924
311329
600365
57815
1004389
307153
171944
1857043
903234
1038784
914082
163924
195235
1238740
745019
706198
40593
1064056
57555
860672
945493
422782
712510
499056
1615954
374589
51282
1617466
839442
831440
369140
2129141
93082
517815
1795936
1631034
572387
7970
182998
341668
1250189
1064054
751190
183575
557309
6345
642975
89804
6841
567131
42811
556067
183483
73740
741907
220014
761719
6215
15391
549551
26587
161636
904235
111099
516684
50146
682088
35268
180534
37809
296363
1547665
1885
45259
270782
682886
703424
1018964
27450
355632
34359
1335029
341294
288396
1323763
542811
1167979
29318
752721
972573
467804
1032775
1252341
133680
218954
35874
576273
830342
517532
47631
670847
1057748
251936
165465
15717
2117583
1045282
461085
9216
962544
381481
26136
318403
377050
379781
1725240
1058389
1424231
1631221
704047
1238737
1462212
89526
355702
571818
1182634
200145
601179
464607
48422
13199
1631348
365608
727775
34387
1725757
92725
10678
367290
473322
1714796
53336
40967
860674
10074
2129142
1333039
676195
905215
903330
82143
572445
1301578
297333
336630
771919
1315435
330851
92324
841977
11843
904332
570998
17498
1412470
242179
221640
92997
370659
1631248
364309
1961037
748881
839367
1825973
113328
187571
467555
100840
1187480
355344
2154609
359360
201992
242034
1062160
296350
571244
79750
1779954
89574
34941
872395
1497062
407589
283440
222365
445862
11786
388931
1276538
876153
27009
828058
271596
876187
792508
617618
1166341
653739
1067870
532405
12801
482326
1305587
242130
11412
316735
1429605
696086
146395
856696
50880
392679
675601
281888
195914
575994
637497
274417
568068
698310
166399
859151
425101
317936
749411
935827
1631797
996903
776884
25551
382961
37530
27305
2135633
89577
1452155
597908
34554
417040
1818440
34921
1689555
113037
334467
21986
40376
157920
114241
575422
26248
1181873
193663
1076838
573608
863754
1047729
141578
972848
967109
295297
460171
142022
10459
203972
317403
1065123
48795
57755
1019216
254585
1237400
898646
209357
44231
1004387
1307798
1191751
1416315
170019
52482
421296
193641
222617
1415962
1881757
102929
1090587
283529
16051
570731
1400709
70782
1217792
1631268
377744
15554
469081
308195
357175
184012
1894160
1055174
1298496
154498
6836
140918
750543
34376
232417
1779953
731825
2080792
2217149
182495
721176
167073
286647
365190
477510
375902
383977
184388
1491512
34487
1902925
58729
35073
1752123
1051002
36682
128555
154212
42249
369049
282935
184552
518890
1054429
1940145
1382716
27023
1040599
737704
823504
119556
1484466
555920
27784
2114611
174084
351710
2146093
1218501
220809
1745656
242056
2121596
42808
287297
185538
25569
1787187
25586
375609
538071
831884
338782
74333
377549
876206
1106928
45664
135980
1536789
54256
172951
635347
133163
374422
749853
36648
747930
45404
801309
22461
26459
483800
990709
1204486
16623
8159
14028
236355
288809
1435318
354929
343478
1196309
154143
328098
1248599
390851
92424
1898258
27647
1250783
368194
2129344
444787
698257
441729
952437
14951
269180
194933
141322
369947
1328741
89159
745689
26291
370848
936962
15926
55659
342401
1745631
104272
2202478
86444
622916
1481941
164248
262228
14505
286297
914100
219483
90314
35617
549590
1022161
1183623
34949
206280
1062165
240700
455865
48267
318845
34778
1633706
50996
49959
1311912
2099152
170891
372336
380572
597097
243543
69962
820748
935184
174600
1245741
687831
25543
1329454
14388
332464
111195
108261
1592491
1212444
1437626
516615
36761
1106452
681963
1897941
176658
2187698
1999912
373422
571873
1817484
578435
1183738
232623
152497
881805
795354
570067
52438
1631119
12100
513030
59666
1601966
76185
464576
1055050
371690
577166
1270765
384024
1786010
26109
251707
252062
704406
442071
38265
149171
145703
315535
207480
416423
2154714
902979
1656623
26036
35
962898
9629
914715
1211924
111109
37352
168831
90571
548086
96567
156574
1677157
841603
860169
8924
236347
680924
47956
139109
77904
373834
172530
1533967
820982
962117
2041772
46333
1711153
221571
152472
1439996
335400
271647
79836
334237
164296
370658
55312
337026
103233
1023336
914848
28394
550612
24690
367727
689890
123435
979988
312887
39110
990959
329746
1116220
1117478
393253
476952
39157
56352
421210
996704
316019
373199